0.158333333333 0.00833333333333 0.258333333333 0.00833333333333 0.00833333333333 0.00833333333333 0.00833333333333 0.0416666666667 0.00833333333333 0.00833333333333 0.00833333333333 0.00833333333333 0.00833333333333 0.0583333333333 0.275 0.025 0.0416666666667 0.00833333333333 0.0416666666667 0.00833333333333 
0.0123966942149 0.0206611570248 0.54132231405 0.0206611570248 0.0123966942149 0.00413223140496 0.00413223140496 0.00413223140496 0.0702479338843 0.227272727273 0.00413223140496 0.0123966942149 0.0206611570248 0.0123966942149 0.00413223140496 0.00413223140496 0.0123966942149 0.00413223140496 0.00413223140496 0.00413223140496 
0.0046439628483 0.0015479876161 0.902476780186 0.0015479876161 0.0015479876161 0.0015479876161 0.0015479876161 0.0046439628483 0.0015479876161 0.0263157894737 0.0077399380805 0.0015479876161 0.0015479876161 0.0015479876161 0.0046439628483 0.0294117647059 0.0015479876161 0.0015479876161 0.0015479876161 0.0015479876161 
0.00111111111111 0.00111111111111 0.961111111111 0.00111111111111 0.00111111111111 0.00111111111111 0.00333333333333 0.00111111111111 0.00333333333333 0.00777777777778 0.00111111111111 0.00111111111111 0.00555555555556 0.00111111111111 0.00111111111111 0.00111111111111 0.00111111111111 0.00333333333333 0.00111111111111 0.00111111111111 
0.0568181818182 0.0113636363636 0.102272727273 0.0568181818182 0.0340909090909 0.0568181818182 0.0113636363636 0.0113636363636 0.0113636363636 0.0340909090909 0.0340909090909 0.261363636364 0.0113636363636 0.0340909090909 0.147727272727 0.0340909090909 0.0340909090909 0.0113636363636 0.0113636363636 0.0340909090909 
0.000925925925926 0.0101851851852 0.239814814815 0.000925925925926 0.000925925925926 0.000925925925926 0.000925925925926 0.000925925925926 0.000925925925926 0.00648148148148 0.000925925925926 0.000925925925926 0.00462962962963 0.000925925925926 0.000925925925926 0.00462962962963 0.0101851851852 0.0101851851852 0.00277777777778 0.700925925926 
0.00793650793651 0.0238095238095 0.484126984127 0.00793650793651 0.00793650793651 0.00793650793651 0.0396825396825 0.00793650793651 0.00793650793651 0.293650793651 0.0238095238095 0.0238095238095 0.00793650793651 0.00793650793651 0.00793650793651 0.00793650793651 0.00793650793651 0.00793650793651 0.00793650793651 0.00793650793651 
0.00526315789474 0.0473684210526 0.689473684211 0.00526315789474 0.00526315789474 0.0157894736842 0.00526315789474 0.00526315789474 0.0263157894737 0.00526315789474 0.00526315789474 0.0157894736842 0.0684210526316 0.00526315789474 0.0157894736842 0.00526315789474 0.0368421052632 0.0263157894737 0.00526315789474 0.00526315789474 
0.00505050505051 0.0656565656566 0.0454545454545 0.0151515151515 0.00505050505051 0.00505050505051 0.0151515151515 0.39898989899 0.00505050505051 0.0151515151515 0.00505050505051 0.0454545454545 0.0959595959596 0.0151515151515 0.00505050505051 0.126262626263 0.00505050505051 0.00505050505051 0.106060606061 0.0151515151515 
0.00236966824645 0.00236966824645 0.504739336493 0.00236966824645 0.0165876777251 0.00236966824645 0.00236966824645 0.00236966824645 0.0118483412322 0.310426540284 0.0260663507109 0.021327014218 0.00710900473934 0.00236966824645 0.00710900473934 0.00710900473934 0.00236966824645 0.0402843601896 0.00710900473934 0.021327014218 
0.0251798561151 0.00359712230216 0.0107913669065 0.0107913669065 0.81654676259 0.00359712230216 0.0395683453237 0.00359712230216 0.0251798561151 0.00359712230216 0.00359712230216 0.00359712230216 0.00359712230216 0.00359712230216 0.0107913669065 0.0107913669065 0.00359712230216 0.0107913669065 0.00359712230216 0.00359712230216 
0.00833333333333 0.821666666667 0.00166666666667 0.00166666666667 0.00166666666667 0.005 0.138333333333 0.00166666666667 0.00166666666667 0.00166666666667 0.00166666666667 0.00166666666667 0.00166666666667 0.00166666666667 0.00166666666667 0.00166666666667 0.00166666666667 0.00166666666667 0.00166666666667 0.00166666666667 
0.0217391304348 0.00724637681159 0.036231884058 0.00724637681159 0.00724637681159 0.00724637681159 0.152173913043 0.00724637681159 0.00724637681159 0.036231884058 0.0217391304348 0.0217391304348 0.0217391304348 0.00724637681159 0.572463768116 0.00724637681159 0.00724637681159 0.036231884058 0.00724637681159 0.00724637681159 
0.00966850828729 0.00138121546961 0.324585635359 0.371546961326 0.205801104972 0.0124309392265 0.00138121546961 0.00690607734807 0.00414364640884 0.0151933701657 0.00138121546961 0.00138121546961 0.00138121546961 0.00138121546961 0.00414364640884 0.00414364640884 0.00138121546961 0.017955801105 0.00966850828729 0.00414364640884 
0.00301204819277 0.00301204819277 0.0331325301205 0.0150602409639 0.388554216867 0.00301204819277 0.00301204819277 0.0331325301205 0.0150602409639 0.00301204819277 0.00301204819277 0.00903614457831 0.00301204819277 0.0150602409639 0.00903614457831 0.00301204819277 0.00301204819277 0.00903614457831 0.394578313253 0.0512048192771 
0.0308641975309 0.00617283950617 0.00617283950617 0.0185185185185 0.0185185185185 0.364197530864 0.191358024691 0.00617283950617 0.00617283950617 0.00617283950617 0.0432098765432 0.00617283950617 0.00617283950617 0.0185185185185 0.0308641975309 0.141975308642 0.0679012345679 0.0185185185185 0.00617283950617 0.00617283950617 
0.0227272727273 0.00757575757576 0.143939393939 0.00757575757576 0.00757575757576 0.0227272727273 0.0530303030303 0.00757575757576 0.00757575757576 0.0530303030303 0.00757575757576 0.0227272727273 0.00757575757576 0.00757575757576 0.00757575757576 0.492424242424 0.00757575757576 0.0984848484848 0.00757575757576 0.00757575757576 
0.05 0.05 0.05 0.05 0.05 0.05 0.05 0.05 0.05 0.05 0.05 0.05 0.05 0.05 0.05 0.05 0.05 0.05 0.05 0.05 
0.000402252614642 0.000402252614642 0.000402252614642 0.000402252614642 0.000402252614642 0.000402252614642 0.984312148029 0.000402252614642 0.00120675784393 0.00201126307321 0.000402252614642 0.000402252614642 0.000402252614642 0.000402252614642 0.00362027353178 0.000402252614642 0.000402252614642 0.000402252614642 0.000402252614642 0.00281576830249 
0.0165562913907 0.00331125827815 0.00993377483444 0.0298013245033 0.771523178808 0.00331125827815 0.00331125827815 0.00331125827815 0.00331125827815 0.00331125827815 0.00331125827815 0.00331125827815 0.0430463576159 0.00331125827815 0.0364238410596 0.00331125827815 0.0165562913907 0.00331125827815 0.0364238410596 0.00331125827815 
0.00322580645161 0.00967741935484 0.0483870967742 0.00322580645161 0.00322580645161 0.00967741935484 0.00967741935484 0.00322580645161 0.00967741935484 0.00967741935484 0.00322580645161 0.00322580645161 0.00322580645161 0.0161290322581 0.751612903226 0.0290322580645 0.00322580645161 0.0225806451613 0.0354838709677 0.0225806451613 
0.00212765957447 0.0106382978723 0.036170212766 0.00212765957447 0.636170212766 0.0234042553191 0.0063829787234 0.031914893617 0.00212765957447 0.00212765957447 0.0106382978723 0.0148936170213 0.163829787234 0.0148936170213 0.0148936170213 0.00212765957447 0.00212765957447 0.00212765957447 0.0191489361702 0.00212765957447 
0.00769230769231 0.00769230769231 0.0723076923077 0.00153846153846 0.00153846153846 0.629230769231 0.0169230769231 0.00153846153846 0.0292307692308 0.00153846153846 0.00153846153846 0.00153846153846 0.0384615384615 0.0384615384615 0.00461538461538 0.00461538461538 0.0107692307692 0.0230769230769 0.103076923077 0.00461538461538 
0.0269516728625 0.00278810408922 0.00650557620818 0.00092936802974 0.00092936802974 0.00278810408922 0.00836431226766 0.00836431226766 0.00092936802974 0.00278810408922 0.00092936802974 0.0046468401487 0.0046468401487 0.00092936802974 0.909851301115 0.00092936802974 0.0102230483271 0.00092936802974 0.00092936802974 0.0046468401487 
0.0223880597015 0.00746268656716 0.141791044776 0.00746268656716 0.126865671642 0.00746268656716 0.00746268656716 0.00746268656716 0.00746268656716 0.00746268656716 0.216417910448 0.0373134328358 0.171641791045 0.0522388059701 0.0223880597015 0.00746268656716 0.0820895522388 0.0223880597015 0.0373134328358 0.00746268656716 
0.00668449197861 0.00935828877005 0.0280748663102 0.0655080213904 0.00935828877005 0.00133689839572 0.00133689839572 0.00133689839572 0.00133689839572 0.00401069518717 0.0200534759358 0.00133689839572 0.17513368984 0.573529411765 0.0467914438503 0.00133689839572 0.00668449197861 0.0414438502674 0.00401069518717 0.00133689839572 
0.0161764705882 0.00441176470588 0.0867647058824 0.0220588235294 0.0367647058824 0.216176470588 0.00147058823529 0.00147058823529 0.00441176470588 0.142647058824 0.0132352941176 0.0397058823529 0.00147058823529 0.272058823529 0.0191176470588 0.0161764705882 0.00441176470588 0.0338235294118 0.0338235294118 0.0338235294118 
0.0203619909502 0.0158371040724 0.0927601809955 0.174208144796 0.0203619909502 0.0746606334842 0.210407239819 0.00678733031674 0.0203619909502 0.0248868778281 0.00226244343891 0.00678733031674 0.0972850678733 0.165158371041 0.0113122171946 0.0248868778281 0.00226244343891 0.00226244343891 0.00678733031674 0.0203619909502 
0.00819672131148 0.00273224043716 0.00273224043716 0.00273224043716 0.00273224043716 0.00273224043716 0.0464480874317 0.00273224043716 0.00273224043716 0.00273224043716 0.00273224043716 0.00273224043716 0.00273224043716 0.00273224043716 0.0136612021858 0.882513661202 0.00273224043716 0.00273224043716 0.00273224043716 0.00819672131148 
0.00236966824645 0.00710900473934 0.021327014218 0.00236966824645 0.0260663507109 0.021327014218 0.00236966824645 0.00236966824645 0.00710900473934 0.00236966824645 0.00710900473934 0.0308056872038 0.00710900473934 0.00236966824645 0.00236966824645 0.765402843602 0.00236966824645 0.00236966824645 0.00236966824645 0.0829383886256 
0.025 0.00277777777778 0.00277777777778 0.00277777777778 0.00277777777778 0.0138888888889 0.00277777777778 0.00277777777778 0.00833333333333 0.00277777777778 0.00277777777778 0.00833333333333 0.852777777778 0.00277777777778 0.025 0.00277777777778 0.00833333333333 0.00277777777778 0.0138888888889 0.0138888888889 
0.00251256281407 0.58040201005 0.0477386934673 0.00753768844221 0.0125628140704 0.0376884422111 0.00753768844221 0.0276381909548 0.00251256281407 0.00753768844221 0.0226130653266 0.0477386934673 0.0226130653266 0.0226130653266 0.0125628140704 0.00251256281407 0.0175879396985 0.0829145728643 0.0226130653266 0.0125628140704 
0.00121654501217 0.00121654501217 0.0352798053528 0.00121654501217 0.0158150851582 0.00121654501217 0.0036496350365 0.0036496350365 0.00121654501217 0.0109489051095 0.00121654501217 0.891727493917 0.00121654501217 0.00121654501217 0.0036496350365 0.00121654501217 0.0036496350365 0.0109489051095 0.00851581508516 0.00121654501217 
0.000733137829912 0.00366568914956 0.032991202346 0.00219941348974 0.00219941348974 0.650293255132 0.000733137829912 0.0535190615836 0.000733137829912 0.16642228739 0.00366568914956 0.000733137829912 0.0403225806452 0.00366568914956 0.00219941348974 0.00659824046921 0.00806451612903 0.0124633431085 0.00513196480938 0.00366568914956 
0.284810126582 0.00632911392405 0.272151898734 0.00632911392405 0.0822784810127 0.0189873417722 0.0316455696203 0.0443037974684 0.0189873417722 0.00632911392405 0.0189873417722 0.00632911392405 0.00632911392405 0.0316455696203 0.0189873417722 0.00632911392405 0.0569620253165 0.0189873417722 0.00632911392405 0.0569620253165 
0.0030487804878 0.0030487804878 0.0335365853659 0.0030487804878 0.765243902439 0.0030487804878 0.0030487804878 0.0213414634146 0.015243902439 0.0518292682927 0.0030487804878 0.00914634146341 0.0030487804878 0.015243902439 0.0030487804878 0.0335365853659 0.00914634146341 0.0030487804878 0.015243902439 0.0030487804878 
0.118534482759 0.00215517241379 0.605603448276 0.010775862069 0.00215517241379 0.00215517241379 0.00215517241379 0.0150862068966 0.00215517241379 0.0193965517241 0.00215517241379 0.00646551724138 0.0409482758621 0.0581896551724 0.0625 0.00215517241379 0.0280172413793 0.00646551724138 0.010775862069 0.00215517241379 
0.0185714285714 0.00142857142857 0.581428571429 0.00142857142857 0.355714285714 0.00142857142857 0.00142857142857 0.00142857142857 0.00142857142857 0.00142857142857 0.00428571428571 0.00428571428571 0.00142857142857 0.00428571428571 0.00142857142857 0.00428571428571 0.00142857142857 0.00428571428571 0.00714285714286 0.00142857142857 
0.00170261066969 0.000567536889898 0.838251986379 0.00851305334847 0.0107832009081 0.00170261066969 0.00624290578888 0.00283768444949 0.039160045403 0.00283768444949 0.00964812712826 0.00170261066969 0.00170261066969 0.000567536889898 0.0255391600454 0.00170261066969 0.00170261066969 0.0119182746879 0.00283768444949 0.0300794551646 
0.000452488687783 0.00316742081448 0.223076923077 0.00135746606335 0.00678733031674 0.000452488687783 0.000452488687783 0.00316742081448 0.00135746606335 0.000452488687783 0.000452488687783 0.000452488687783 0.000452488687783 0.00407239819005 0.00226244343891 0.00859728506787 0.735294117647 0.000452488687783 0.00316742081448 0.00407239819005 
0.0404761904762 0.00238095238095 0.0452380952381 0.0214285714286 0.00714285714286 0.0261904761905 0.00238095238095 0.00238095238095 0.0452380952381 0.00238095238095 0.00238095238095 0.00238095238095 0.0119047619048 0.0309523809524 0.135714285714 0.00238095238095 0.321428571429 0.0880952380952 0.0309523809524 0.178571428571 
0.0015756302521 0.0015756302521 0.00262605042017 0.000525210084034 0.00367647058824 0.000525210084034 0.000525210084034 0.000525210084034 0.0015756302521 0.0194327731092 0.0015756302521 0.0015756302521 0.000525210084034 0.0047268907563 0.00262605042017 0.0015756302521 0.0015756302521 0.950105042017 0.00262605042017 0.000525210084034 
0.00263157894737 0.0149122807018 0.0973684210526 0.00263157894737 0.0289473684211 0.00263157894737 0.00614035087719 0.000877192982456 0.000877192982456 0.0921052631579 0.0114035087719 0.000877192982456 0.00964912280702 0.45701754386 0.0535087719298 0.0219298245614 0.0166666666667 0.137719298246 0.000877192982456 0.0412280701754 
0.016975308642 0.00771604938272 0.115740740741 0.00462962962963 0.054012345679 0.00771604938272 0.00154320987654 0.0108024691358 0.016975308642 0.016975308642 0.00462962962963 0.054012345679 0.0324074074074 0.46450617284 0.00154320987654 0.0138888888889 0.00771604938272 0.118827160494 0.0324074074074 0.016975308642 
0.0012315270936 0.0012315270936 0.0012315270936 0.0012315270936 0.00369458128079 0.00369458128079 0.0012315270936 0.0012315270936 0.0135467980296 0.0012315270936 0.0012315270936 0.0012315270936 0.00615763546798 0.0012315270936 0.910098522167 0.00369458128079 0.00615763546798 0.0258620689655 0.0012315270936 0.0135467980296 
0.0485074626866 0.00373134328358 0.0335820895522 0.00373134328358 0.00373134328358 0.0111940298507 0.00373134328358 0.00373134328358 0.0485074626866 0.0410447761194 0.332089552239 0.0261194029851 0.0186567164179 0.0708955223881 0.0858208955224 0.0111940298507 0.0186567164179 0.0410447761194 0.152985074627 0.0410447761194 
0.00684931506849 0.00684931506849 0.0342465753425 0.0205479452055 0.0342465753425 0.0205479452055 0.00684931506849 0.0205479452055 0.0342465753425 0.00684931506849 0.00684931506849 0.0205479452055 0.0205479452055 0.0479452054795 0.198630136986 0.00684931506849 0.00684931506849 0.486301369863 0.00684931506849 0.00684931506849 
0.00531914893617 0.00177304964539 0.0124113475177 0.00531914893617 0.00177304964539 0.0549645390071 0.00177304964539 0.00531914893617 0.00177304964539 0.0159574468085 0.00886524822695 0.00886524822695 0.00177304964539 0.00177304964539 0.00531914893617 0.0443262411348 0.00177304964539 0.799645390071 0.00531914893617 0.0159574468085 
0.0431034482759 0.0603448275862 0.00862068965517 0.00862068965517 0.00862068965517 0.00862068965517 0.0258620689655 0.0258620689655 0.0431034482759 0.00862068965517 0.00862068965517 0.0258620689655 0.00862068965517 0.00862068965517 0.0775862068966 0.00862068965517 0.0431034482759 0.439655172414 0.0431034482759 0.0948275862069 
0.0119047619048 0.00714285714286 0.0357142857143 0.000793650793651 0.00714285714286 0.00396825396825 0.000793650793651 0.000793650793651 0.000793650793651 0.00238095238095 0.000793650793651 0.00873015873016 0.000793650793651 0.0150793650794 0.0246031746032 0.00555555555556 0.000793650793651 0.00873015873016 0.861111111111 0.00238095238095 
0.00739644970414 0.00147928994083 0.00147928994083 0.00739644970414 0.00147928994083 0.00147928994083 0.0103550295858 0.00147928994083 0.00147928994083 0.00147928994083 0.00443786982249 0.613905325444 0.00147928994083 0.00147928994083 0.00147928994083 0.00147928994083 0.00147928994083 0.0872781065089 0.241124260355 0.0103550295858 
0.00590551181102 0.00590551181102 0.423228346457 0.00984251968504 0.00590551181102 0.00196850393701 0.00196850393701 0.00196850393701 0.0137795275591 0.00196850393701 0.00196850393701 0.00196850393701 0.411417322835 0.0807086614173 0.00984251968504 0.00196850393701 0.00196850393701 0.00196850393701 0.00984251968504 0.00590551181102 
0.000934579439252 0.468224299065 0.0514018691589 0.000934579439252 0.00280373831776 0.000934579439252 0.000934579439252 0.000934579439252 0.000934579439252 0.00280373831776 0.000934579439252 0.000934579439252 0.000934579439252 0.0102803738318 0.000934579439252 0.000934579439252 0.000934579439252 0.445794392523 0.00654205607477 0.000934579439252 
0.0206422018349 0.0298165137615 0.00229357798165 0.00688073394495 0.00688073394495 0.00688073394495 0.00229357798165 0.00229357798165 0.153669724771 0.00229357798165 0.098623853211 0.00229357798165 0.0756880733945 0.0252293577982 0.493119266055 0.00688073394495 0.0573394495413 0.00229357798165 0.00229357798165 0.00229357798165 
0.00101214574899 0.00101214574899 0.00101214574899 0.00101214574899 0.00101214574899 0.00303643724696 0.00101214574899 0.00101214574899 0.00101214574899 0.00303643724696 0.00101214574899 0.27024291498 0.00101214574899 0.00303643724696 0.00303643724696 0.00303643724696 0.00101214574899 0.00303643724696 0.699392712551 0.00101214574899 
0.000705218617772 0.00211565585331 0.000705218617772 0.000705218617772 0.000705218617772 0.000705218617772 0.000705218617772 0.000705218617772 0.000705218617772 0.00211565585331 0.000705218617772 0.0289139633286 0.000705218617772 0.000705218617772 0.00211565585331 0.00211565585331 0.00352609308886 0.0148095909732 0.935825105783 0.000705218617772 
0.000624219725343 0.00187265917603 0.00187265917603 0.000624219725343 0.000624219725343 0.000624219725343 0.000624219725343 0.000624219725343 0.00312109862672 0.000624219725343 0.000624219725343 0.114232209738 0.00187265917603 0.000624219725343 0.000624219725343 0.000624219725343 0.000624219725343 0.00312109862672 0.865792759051 0.000624219725343 
0.000636942675159 0.00191082802548 0.000636942675159 0.000636942675159 0.000636942675159 0.000636942675159 0.000636942675159 0.000636942675159 0.000636942675159 0.00191082802548 0.000636942675159 0.195541401274 0.000636942675159 0.000636942675159 0.000636942675159 0.00191082802548 0.000636942675159 0.0337579617834 0.756050955414 0.000636942675159 
0.0154664686959 0.00482553823311 0.00507300173224 0.0105171987132 0.00977480821579 0.00581539222965 0.000371195248701 0.0137342242019 0.0167037861915 0.0152190051967 0.0100222717149 0.0174461766889 0.0105171987132 0.783593170007 0.00507300173224 0.0211581291759 0.00779510022272 0.015713932195 0.000618658747835 0.030561742143 
0.00301204819277 0.00903614457831 0.00301204819277 0.0150602409639 0.00903614457831 0.00301204819277 0.00301204819277 0.00301204819277 0.00301204819277 0.00301204819277 0.00301204819277 0.00301204819277 0.00301204819277 0.0271084337349 0.00301204819277 0.00301204819277 0.00903614457831 0.864457831325 0.0210843373494 0.00903614457831 
0.0389048991354 0.110951008646 0.131123919308 0.131123919308 0.0475504322767 0.0619596541787 0.00432276657061 0.0100864553314 0.0014409221902 0.00432276657061 0.00432276657061 0.0792507204611 0.0331412103746 0.0417867435159 0.0590778097983 0.105187319885 0.0907780979827 0.00432276657061 0.036023054755 0.00432276657061 
0.00555555555556 0.0166666666667 0.0277777777778 0.0166666666667 0.00555555555556 0.00555555555556 0.0166666666667 0.00555555555556 0.00555555555556 0.00555555555556 0.661111111111 0.0166666666667 0.00555555555556 0.00555555555556 0.05 0.00555555555556 0.0166666666667 0.0944444444444 0.00555555555556 0.0277777777778 
0.025 0.025 0.025 0.025 0.025 0.025 0.225 0.025 0.025 0.075 0.025 0.025 0.225 0.025 0.025 0.025 0.025 0.025 0.025 0.075 
0.00538793103448 0.00969827586207 0.00969827586207 0.0183189655172 0.0269396551724 0.0377155172414 0.0010775862069 0.00969827586207 0.00323275862069 0.0377155172414 0.776939655172 0.00754310344828 0.00323275862069 0.0010775862069 0.0010775862069 0.00754310344828 0.0010775862069 0.0226293103448 0.0010775862069 0.0183189655172 
0.0291666666667 0.00416666666667 0.00416666666667 0.00416666666667 0.304166666667 0.0875 0.00416666666667 0.1375 0.00416666666667 0.00416666666667 0.0125 0.0125 0.0125 0.00416666666667 0.0375 0.2875 0.00416666666667 0.00416666666667 0.0375 0.00416666666667 
0.0138888888889 0.0138888888889 0.0972222222222 0.0138888888889 0.0138888888889 0.0416666666667 0.0138888888889 0.0972222222222 0.0416666666667 0.0416666666667 0.0138888888889 0.0972222222222 0.0416666666667 0.0694444444444 0.0694444444444 0.236111111111 0.0138888888889 0.0416666666667 0.0138888888889 0.0138888888889 
0.000736377025037 0.00662739322533 0.000736377025037 0.00957290132548 0.00220913107511 0.0419734904271 0.00220913107511 0.000736377025037 0.0125184094256 0.000736377025037 0.0154639175258 0.00368188512518 0.000736377025037 0.00220913107511 0.000736377025037 0.0139911634757 0.059646539028 0.0184094256259 0.784241531664 0.0228276877761 
0.026 0.002 0.002 0.014 0.002 0.022 0.006 0.006 0.002 0.014 0.006 0.006 0.002 0.002 0.002 0.806 0.01 0.002 0.034 0.034 
0.00238095238095 0.00238095238095 0.0214285714286 0.00238095238095 0.00714285714286 0.00238095238095 0.00238095238095 0.754761904762 0.00238095238095 0.0214285714286 0.0452380952381 0.0119047619048 0.0119047619048 0.00238095238095 0.00238095238095 0.00714285714286 0.00238095238095 0.00238095238095 0.0928571428571 0.00238095238095 
0.0364238410596 0.00331125827815 0.00993377483444 0.00551876379691 0.00110375275938 0.00772626931567 0.00331125827815 0.014348785872 0.00331125827815 0.00993377483444 0.00993377483444 0.014348785872 0.00331125827815 0.00110375275938 0.460264900662 0.014348785872 0.014348785872 0.00110375275938 0.00772626931567 0.378587196468 
0.110128617363 0.0008038585209 0.0265273311897 0.0120578778135 0.0072347266881 0.0200964630225 0.0008038585209 0.18729903537 0.0008038585209 0.0490353697749 0.0040192926045 0.0024115755627 0.0184887459807 0.0008038585209 0.531350482315 0.0040192926045 0.0168810289389 0.0024115755627 0.0040192926045 0.0008038585209 
0.138605442177 0.0093537414966 0.00765306122449 0.00595238095238 0.0178571428571 0.0178571428571 0.00255102040816 0.0093537414966 0.0212585034014 0.00255102040816 0.492346938776 0.00425170068027 0.0280612244898 0.000850340136054 0.000850340136054 0.000850340136054 0.000850340136054 0.000850340136054 0.000850340136054 0.237244897959 
0.0679758308157 0.361027190332 0.0256797583082 0.0256797583082 0.0135951661631 0.0528700906344 0.219033232628 0.0166163141994 0.0166163141994 0.0135951661631 0.00453172205438 0.0105740181269 0.00755287009063 0.00151057401813 0.11329305136 0.00151057401813 0.00453172205438 0.0135951661631 0.00453172205438 0.0256797583082 
0.535971223022 0.00359712230216 0.0323741007194 0.0179856115108 0.0179856115108 0.00359712230216 0.00359712230216 0.0179856115108 0.00359712230216 0.00359712230216 0.00359712230216 0.00359712230216 0.226618705036 0.0179856115108 0.0107913669065 0.0539568345324 0.0251798561151 0.00359712230216 0.00359712230216 0.0107913669065 
0.00530303030303 0.000757575757576 0.00378787878788 0.000757575757576 0.00227272727273 0.000757575757576 0.000757575757576 0.000757575757576 0.000757575757576 0.0113636363636 0.00530303030303 0.00227272727273 0.00227272727273 0.000757575757576 0.00833333333333 0.000757575757576 0.00227272727273 0.00227272727273 0.946212121212 0.00227272727273 
0.0723905723906 0.473063973064 0.0488215488215 0.0016835016835 0.00841750841751 0.119528619529 0.00505050505051 0.00505050505051 0.0151515151515 0.00505050505051 0.0387205387205 0.0185185185185 0.0016835016835 0.00841750841751 0.0218855218855 0.00505050505051 0.0016835016835 0.0286195286195 0.0016835016835 0.119528619529 
0.0141509433962 0.0676100628931 0.00471698113208 0.0141509433962 0.00157232704403 0.775157232704 0.00157232704403 0.0172955974843 0.0330188679245 0.00157232704403 0.0141509433962 0.00786163522013 0.00157232704403 0.00471698113208 0.00157232704403 0.00471698113208 0.00157232704403 0.0110062893082 0.00157232704403 0.0204402515723 
0.00245098039216 0.0122549019608 0.00735294117647 0.00735294117647 0.00245098039216 0.00245098039216 0.919117647059 0.00735294117647 0.00245098039216 0.00245098039216 0.00245098039216 0.00735294117647 0.00245098039216 0.00735294117647 0.00245098039216 0.00245098039216 0.00245098039216 0.00245098039216 0.00245098039216 0.00245098039216 
0.00482093663912 0.013085399449 0.0378787878788 0.0034435261708 0.00206611570248 0.00206611570248 0.00068870523416 0.0034435261708 0.00068870523416 0.0241046831956 0.00068870523416 0.00895316804408 0.839531680441 0.00068870523416 0.00206611570248 0.00206611570248 0.00068870523416 0.0461432506887 0.00619834710744 0.00068870523416 
0.00704225352113 0.359154929577 0.260563380282 0.00704225352113 0.00704225352113 0.00704225352113 0.0352112676056 0.00704225352113 0.00704225352113 0.0633802816901 0.00704225352113 0.00704225352113 0.0211267605634 0.00704225352113 0.00704225352113 0.00704225352113 0.00704225352113 0.0352112676056 0.0633802816901 0.0774647887324 
0.0265957446809 0.0159574468085 0.00531914893617 0.00531914893617 0.00531914893617 0.00531914893617 0.00531914893617 0.00531914893617 0.00531914893617 0.813829787234 0.00531914893617 0.0159574468085 0.00531914893617 0.00531914893617 0.00531914893617 0.00531914893617 0.0478723404255 0.00531914893617 0.00531914893617 0.00531914893617 
0.000455788514129 0.00136736554239 0.00592525068368 0.00136736554239 0.000455788514129 0.000455788514129 0.000455788514129 0.000455788514129 0.00136736554239 0.981312670921 0.000455788514129 0.00136736554239 0.000455788514129 0.000455788514129 0.000455788514129 0.000455788514129 0.000455788514129 0.000455788514129 0.000455788514129 0.00136736554239 
0.00862068965517 0.00862068965517 0.00862068965517 0.00287356321839 0.00287356321839 0.00287356321839 0.00287356321839 0.00287356321839 0.00287356321839 0.916666666667 0.00287356321839 0.00862068965517 0.00287356321839 0.00287356321839 0.00287356321839 0.00287356321839 0.00287356321839 0.00287356321839 0.00287356321839 0.00862068965517 
0.00245098039216 0.00735294117647 0.00245098039216 0.00245098039216 0.00245098039216 0.00245098039216 0.00735294117647 0.00735294117647 0.00245098039216 0.0122549019608 0.00245098039216 0.00245098039216 0.919117647059 0.00245098039216 0.00245098039216 0.00735294117647 0.00245098039216 0.00245098039216 0.00245098039216 0.00735294117647 
0.00446428571429 0.00446428571429 0.0223214285714 0.00446428571429 0.00446428571429 0.00446428571429 0.00446428571429 0.0133928571429 0.00446428571429 0.888392857143 0.00446428571429 0.00446428571429 0.00446428571429 0.00446428571429 0.00446428571429 0.00446428571429 0.00446428571429 0.00446428571429 0.00446428571429 0.00446428571429 
0.00114678899083 0.00114678899083 0.00344036697248 0.00114678899083 0.00114678899083 0.00114678899083 0.00114678899083 0.00802752293578 0.00114678899083 0.948394495413 0.00114678899083 0.00802752293578 0.00344036697248 0.00114678899083 0.00344036697248 0.00114678899083 0.00802752293578 0.00344036697248 0.00114678899083 0.00114678899083 
0.0257731958763 0.0876288659794 0.149484536082 0.0463917525773 0.00515463917526 0.00515463917526 0.00515463917526 0.0876288659794 0.0360824742268 0.149484536082 0.00515463917526 0.00515463917526 0.0154639175258 0.0154639175258 0.201030927835 0.00515463917526 0.0154639175258 0.0154639175258 0.0360824742268 0.0876288659794 
0.00126262626263 0.00378787878788 0.00126262626263 0.00631313131313 0.00126262626263 0.00378787878788 0.00126262626263 0.00126262626263 0.00126262626263 0.440656565657 0.00126262626263 0.00126262626263 0.00378787878788 0.00126262626263 0.00126262626263 0.00126262626263 0.483585858586 0.0366161616162 0.00631313131313 0.00126262626263 
0.00197628458498 0.0098814229249 0.0849802371542 0.00592885375494 0.00592885375494 0.00592885375494 0.00592885375494 0.00197628458498 0.00592885375494 0.00592885375494 0.00197628458498 0.00197628458498 0.00592885375494 0.00592885375494 0.00197628458498 0.00592885375494 0.00197628458498 0.816205533597 0.0177865612648 0.00592885375494 
0.00579150579151 0.0019305019305 0.704633204633 0.00579150579151 0.0019305019305 0.0444015444015 0.0019305019305 0.00965250965251 0.0173745173745 0.0173745173745 0.0019305019305 0.00579150579151 0.0521235521236 0.0173745173745 0.00579150579151 0.00579150579151 0.0135135135135 0.00579150579151 0.0714285714286 0.00965250965251 
